! 33.0000E+9;AUTO;0;0;0;DC;0.000000;0.0000;0;0.0000;40.0000E-3;50.0000;INTERN;0.0000;0.0000;0.0000;INIT;AUTO;PASS;1.0000;50.0000;OTH;"V";"TCA292D";"N/A";COM;0;0;1;1.0000;"V";20.0000E+9;"";1.0000;2.2000
33.0000E+9;AUTO;0;0;0;DC;0.000000;0.0000;0;160.0000E-3;100.0000E-3;50.0000;INTERN;0.0000;0.0000;0.0000;INIT;AUTO;PASS;1.0000;50.0000;OTH;"V";"TCA292D";"N/A";COM;0;0;1;1.0000;"V";20.0000E+9;"";1.0000;1.8000
33.0000E+9;AUTO;0;0;0;DC;0.000000;0.0000;0;-2.5400;6.2500E-3;50.0000;INTERN;0.0000;0.0000;0.0000;INIT;AUTO;PASS;1.0000;50.0000;OTH;"V";"TCA292D";"N/A";COM;0;0;1;1.0000;"V";20.0000E+9;"";1.0000;1.4000
33.0000E+9;AUTO;0;0;0;DC;0.000000;0.0000;0;0.0000;100.0000E-3;50.0000;INTERN;0.0000;0.0000;0.0000;INIT;AUTO;PASS;1.0000;50.0000;OTH;"V";"TCA292D";"N/A";COM;0;0;1;1.0000;"V";20.0000E+9;"";1.0000;1.0000

! Sampling frequency: 78.1250E+6

! AUTO
CH1
DC
RIS
-3.2000E-3

 
BEGIN SCOPE
% time(real)	ch1(real)	ch2(real)	ch3(real)	ch4(real)
1.280000E-8	-0.091200	-0.004000	0.000125	-0.004000
2.560000E-8	-0.104000	-0.008000	0.001125	0.000000
3.840000E-8	-0.107200	0.000000	-0.000625	-0.004000
5.120000E-8	-0.115200	-0.008000	-0.000625	-0.004000
6.400000E-8	-0.121600	-0.008000	0.000625	0.004000
7.680000E-8	-0.137600	0.000000	-0.001125	-0.012000
8.960000E-8	-0.136000	-0.004000	-0.000625	-0.004000
1.024000E-7	-0.145600	-0.004000	-0.001375	0.004000
1.152000E-7	-0.150400	-0.008000	0.000625	0.000000
1.280000E-7	-0.148800	0.000000	0.001625	-0.008000
1.408000E-7	-0.156800	-0.004000	-0.000625	-0.004000
1.536000E-7	-0.156800	-0.008000	-0.000375	-0.004000
1.664000E-7	-0.155200	-0.004000	0.000375	0.000000
1.792000E-7	-0.156800	0.004000	0.000125	-0.004000
1.920000E-7	-0.153600	-0.004000	0.001125	0.000000
2.048000E-7	-0.148800	-0.012000	-0.000125	0.000000
2.176000E-7	-0.147200	0.008000	0.000125	0.000000
2.304000E-7	-0.142400	-0.012000	0.000125	0.000000
2.432000E-7	-0.140800	0.000000	0.000875	0.008000
2.560000E-7	-0.132800	0.000000	0.001375	0.000000
2.688000E-7	-0.123200	-0.004000	-0.000125	0.000000
2.816000E-7	-0.115200	-0.004000	-0.002125	-0.004000
2.944000E-7	-0.107200	-0.004000	-0.000625	-0.008000
3.072000E-7	-0.097600	-0.008000	-0.003625	-0.004000
3.200000E-7	-0.091200	-0.004000	-0.000375	0.000000
3.328000E-7	-0.076800	-0.008000	-0.001625	-0.004000
3.456000E-7	-0.065600	0.004000	-0.000375	-0.004000
3.584000E-7	-0.052800	-0.004000	0.000125	-0.004000
3.712000E-7	-0.043200	0.000000	-0.000375	0.000000
3.840000E-7	-0.033600	-0.004000	-0.000375	-0.004000
3.968000E-7	-0.017600	-0.008000	-0.000625	-0.008000
4.096000E-7	-0.009600	0.008000	-0.000625	-0.004000
4.224000E-7	0.006400	-0.016000	0.000875	0.000000
4.352000E-7	0.012800	0.004000	-0.001125	-0.004000
4.480000E-7	0.028800	-0.012000	-0.000625	0.008000
4.608000E-7	0.041600	0.004000	-0.002125	0.004000
4.736000E-7	0.051200	-0.004000	-0.000375	0.000000
4.864000E-7	0.067200	-0.004000	-0.000875	0.000000
4.992000E-7	0.070400	-0.008000	-0.001875	-0.004000
5.120000E-7	0.084800	-0.004000	-0.000625	-0.004000
5.248000E-7	0.100800	-0.016000	-0.000875	-0.004000
5.376000E-7	0.107200	-0.004000	-0.000625	0.000000
5.504000E-7	0.118400	0.004000	0.000625	-0.008000
5.632000E-7	0.118400	-0.008000	0.000125	-0.004000
5.760000E-7	0.123200	-0.012000	-0.000875	0.000000
5.888000E-7	0.137600	0.000000	-0.001375	0.000000
6.016000E-7	0.137600	0.000000	-0.000125	-0.004000
6.144000E-7	0.140800	-0.012000	-0.001125	0.000000
6.272000E-7	0.147200	-0.008000	0.000125	0.000000
6.400000E-7	0.145600	-0.008000	-0.000125	-0.004000
6.528000E-7	0.150400	-0.008000	-0.000875	0.000000
6.656000E-7	0.152000	-0.008000	0.000375	0.000000
6.784000E-7	0.147200	-0.016000	-0.000625	-0.008000
6.912000E-7	0.150400	-0.008000	-0.001125	0.004000
7.040000E-7	0.148800	-0.008000	0.001125	0.004000
7.168000E-7	0.140800	-0.008000	0.000125	-0.008000
7.296000E-7	0.139200	0.000000	0.000625	-0.008000
7.424000E-7	0.126400	-0.004000	-0.001125	-0.008000
7.552000E-7	0.129600	-0.004000	0.000125	-0.008000
7.680000E-7	0.121600	-0.012000	-0.000625	0.000000
7.808000E-7	0.108800	-0.004000	-0.001375	0.000000
7.936000E-7	0.100800	-0.008000	0.001125	-0.004000
8.064000E-7	0.097600	0.000000	-0.000375	-0.004000
8.192000E-7	0.084800	-0.004000	0.001125	-0.004000
8.320000E-7	0.072000	0.000000	-0.000125	0.000000
8.448000E-7	0.062400	0.004000	-0.000625	-0.004000
8.576000E-7	0.049600	-0.008000	-0.000875	0.004000
8.704000E-7	0.040000	-0.008000	-0.000625	-0.004000
8.832000E-7	0.024000	-0.016000	-0.001125	-0.004000
8.960000E-7	0.014400	-0.012000	-0.000375	-0.004000
9.088000E-7	0.001600	-0.012000	-0.000875	0.004000
9.216000E-7	-0.011200	-0.016000	-0.000875	0.000000
9.344000E-7	-0.025600	-0.004000	0.000875	0.000000
9.472000E-7	-0.035200	-0.004000	-0.000875	-0.004000
9.600000E-7	-0.046400	0.000000	-0.001625	0.000000
9.728000E-7	-0.052800	-0.004000	-0.000625	0.000000
9.856000E-7	-0.070400	0.000000	-0.000375	0.000000
9.984000E-7	-0.076800	-0.004000	-0.000375	0.000000
1.011200E-6	-0.091200	-0.008000	-0.000125	0.004000
1.024000E-6	-0.100800	0.004000	-0.000625	0.000000
1.036800E-6	-0.110400	-0.004000	-0.000375	0.000000
1.049600E-6	-0.121600	0.008000	-0.000625	0.004000
1.062400E-6	-0.123200	-0.012000	0.000375	-0.004000
1.075200E-6	-0.136000	-0.016000	0.000625	0.000000
1.088000E-6	-0.134400	-0.016000	-0.000875	-0.012000
1.100800E-6	-0.145600	0.004000	-0.000875	0.000000
1.113600E-6	-0.147200	-0.004000	-0.001625	0.000000
1.126400E-6	-0.153600	0.000000	0.001125	0.004000
1.139200E-6	-0.156800	0.000000	0.000125	0.000000
1.152000E-6	-0.152000	-0.020000	-0.000625	0.000000
1.164800E-6	-0.153600	0.000000	-0.000875	0.000000
1.177600E-6	-0.155200	-0.008000	-0.000875	0.004000
1.190400E-6	-0.153600	-0.012000	0.000875	0.000000
1.203200E-6	-0.148800	-0.012000	-0.001125	0.008000
1.216000E-6	-0.145600	-0.016000	-0.000875	0.004000
1.228800E-6	-0.144000	0.004000	-0.000125	-0.004000
1.241600E-6	-0.142400	0.000000	-0.000625	-0.004000
1.254400E-6	-0.132800	-0.004000	-0.000375	-0.004000
1.267200E-6	-0.124800	-0.016000	0.000125	0.000000
1.280000E-6	-0.113600	-0.012000	0.000125	0.008000
1.292800E-6	-0.105600	-0.004000	0.000375	-0.004000
1.305600E-6	-0.102400	-0.008000	-0.001125	0.004000
1.318400E-6	-0.092800	-0.008000	-0.000125	0.008000
1.331200E-6	-0.080000	-0.008000	-0.001375	0.000000
1.344000E-6	-0.073600	0.000000	-0.000125	-0.004000
1.356800E-6	-0.056000	-0.004000	-0.001375	0.000000
1.369600E-6	-0.046400	-0.008000	0.001125	0.000000
1.382400E-6	-0.032000	-0.012000	-0.001125	0.000000
1.395200E-6	-0.016000	0.000000	-0.000375	0.000000
1.408000E-6	-0.011200	-0.012000	-0.000375	0.008000
1.420800E-6	0.000000	0.004000	-0.000125	-0.004000
1.433600E-6	0.011200	-0.004000	0.000375	0.000000
1.446400E-6	0.022400	-0.008000	-0.000875	-0.004000
1.459200E-6	0.038400	-0.012000	-0.000875	0.000000
1.472000E-6	0.054400	0.000000	-0.000625	0.000000
1.484800E-6	0.059200	0.000000	0.000375	-0.004000
1.497600E-6	0.072000	-0.004000	0.001125	-0.004000
1.510400E-6	0.083200	-0.004000	-0.000625	0.000000
1.523200E-6	0.094400	-0.004000	0.000125	0.000000
1.536000E-6	0.102400	-0.004000	-0.000625	-0.004000
1.548800E-6	0.104000	-0.008000	-0.000875	0.000000
1.561600E-6	0.121600	-0.012000	0.000125	-0.004000
1.574400E-6	0.126400	0.004000	-0.000875	0.000000
1.587200E-6	0.132800	-0.008000	0.000375	0.004000
1.600000E-6	0.139200	0.000000	-0.000375	-0.004000
1.612800E-6	0.140800	0.000000	0.000125	0.004000
1.625600E-6	0.145600	0.004000	-0.000375	0.000000
1.638400E-6	0.148800	0.004000	-0.001125	-0.004000
1.651200E-6	0.152000	0.000000	-0.000375	-0.004000
1.664000E-6	0.148800	-0.004000	-0.000375	0.004000
1.676800E-6	0.150400	-0.008000	0.001375	-0.004000
1.689600E-6	0.152000	-0.012000	-0.000125	0.000000
1.702400E-6	0.150400	-0.008000	-0.000375	0.000000
1.715200E-6	0.140800	0.000000	-0.000625	0.000000
1.728000E-6	0.136000	-0.012000	0.000125	0.000000
1.740800E-6	0.136000	0.004000	-0.000375	0.000000
1.753600E-6	0.124800	0.004000	-0.001875	0.004000
1.766400E-6	0.121600	-0.004000	-0.000875	0.000000
1.779200E-6	0.115200	0.000000	-0.000375	-0.004000
1.792000E-6	0.105600	0.000000	-0.000875	0.000000
1.804800E-6	0.094400	-0.008000	-0.000375	0.000000
1.817600E-6	0.086400	-0.008000	-0.000625	0.000000
1.830400E-6	0.070400	-0.004000	-0.001875	0.000000
1.843200E-6	0.062400	-0.008000	-0.001125	-0.004000
1.856000E-6	0.052800	0.000000	0.000625	0.000000
1.868800E-6	0.040000	-0.004000	-0.000375	0.008000
1.881600E-6	0.024000	-0.012000	-0.000875	-0.004000
1.894400E-6	0.019200	0.000000	0.000625	0.004000
1.907200E-6	0.001600	-0.012000	-0.001125	0.004000
1.920000E-6	-0.009600	-0.004000	-0.000875	0.000000
1.932800E-6	-0.027200	-0.008000	-0.001625	0.000000
1.945600E-6	-0.033600	-0.012000	0.000625	0.000000
1.958400E-6	-0.048000	-0.004000	-0.000625	0.000000
1.971200E-6	-0.056000	-0.012000	-0.000875	-0.004000
1.984000E-6	-0.067200	0.008000	-0.000375	0.000000
1.996800E-6	-0.075200	0.000000	-0.000625	0.004000
2.009600E-6	-0.088000	-0.008000	-0.000625	0.004000
2.022400E-6	-0.104000	0.004000	-0.000375	0.000000
2.035200E-6	-0.107200	-0.008000	-0.000375	0.000000
2.048000E-6	-0.116800	0.000000	-0.000625	-0.008000
2.060800E-6	-0.121600	0.000000	-0.000875	-0.004000
2.073600E-6	-0.132800	-0.008000	-0.000375	-0.004000
2.086400E-6	-0.140800	0.004000	-0.001125	0.000000
2.099200E-6	-0.142400	-0.004000	0.000375	0.004000
2.112000E-6	-0.145600	-0.004000	-0.000375	0.000000
2.124800E-6	-0.148800	-0.004000	0.000125	-0.008000
2.137600E-6	-0.153600	0.000000	-0.000375	0.000000
2.150400E-6	-0.156800	0.000000	-0.001375	-0.004000
2.163200E-6	-0.156800	-0.004000	-0.000625	0.000000
2.176000E-6	-0.152000	0.004000	-0.001375	0.000000
2.188800E-6	-0.156800	-0.012000	0.000125	0.000000
2.201600E-6	-0.150400	0.000000	-0.000625	-0.004000
2.214400E-6	-0.148800	-0.012000	0.000125	-0.004000
2.227200E-6	-0.144000	-0.008000	0.002125	-0.004000
2.240000E-6	-0.139200	-0.008000	0.000625	-0.008000
2.252800E-6	-0.132800	0.000000	-0.000875	-0.004000
2.265600E-6	-0.126400	-0.008000	-0.000375	-0.004000
2.278400E-6	-0.113600	-0.004000	-0.000625	0.000000
2.291200E-6	-0.107200	-0.004000	-0.000875	-0.004000
2.304000E-6	-0.099200	0.004000	-0.000625	-0.004000
2.316800E-6	-0.091200	-0.016000	0.000625	0.000000
2.329600E-6	-0.081600	-0.004000	-0.000875	-0.004000
2.342400E-6	-0.072000	-0.004000	0.000625	0.000000
2.355200E-6	-0.060800	0.004000	0.000125	-0.004000
2.368000E-6	-0.052800	-0.008000	-0.000375	0.000000
2.380800E-6	-0.036800	-0.008000	-0.000625	0.000000
2.393600E-6	-0.024000	-0.008000	-0.001375	0.000000
2.406400E-6	-0.011200	0.000000	0.000375	0.000000
2.419200E-6	-0.001600	0.000000	-0.001125	-0.004000
2.432000E-6	0.011200	-0.004000	-0.000375	-0.008000
2.444800E-6	0.030400	0.000000	0.000125	0.000000
2.457600E-6	0.040000	0.000000	-0.000375	0.000000
2.470400E-6	0.046400	0.004000	0.001375	0.008000
2.483200E-6	0.059200	0.000000	0.000375	0.000000
2.496000E-6	0.073600	-0.008000	0.000375	-0.004000
2.508800E-6	0.083200	0.008000	0.000625	0.000000
2.521600E-6	0.091200	-0.004000	-0.001375	0.004000
2.534400E-6	0.102400	0.004000	-0.000125	0.000000
2.547200E-6	0.108800	-0.008000	-0.000375	-0.004000
2.560000E-6	0.116800	-0.004000	-0.000875	0.000000
2.572800E-6	0.123200	0.008000	0.000375	0.000000
2.585600E-6	0.132800	-0.016000	-0.000375	0.000000
2.598400E-6	0.137600	-0.008000	0.000625	0.000000
2.611200E-6	0.145600	-0.008000	-0.000125	0.000000
2.624000E-6	0.145600	-0.008000	-0.000875	0.004000
2.636800E-6	0.145600	0.004000	0.001125	0.008000
2.649600E-6	0.152000	-0.004000	-0.000375	0.000000
2.662400E-6	0.148800	-0.008000	-0.000375	0.000000
2.675200E-6	0.152000	-0.004000	-0.000375	0.000000
2.688000E-6	0.144000	-0.012000	0.000375	-0.008000
2.700800E-6	0.144000	-0.016000	-0.001375	0.000000
2.713600E-6	0.137600	0.000000	0.000625	-0.008000
2.726400E-6	0.134400	-0.008000	-0.000375	0.008000
2.739200E-6	0.131200	0.004000	-0.000625	0.004000
2.752000E-6	0.128000	-0.008000	0.000125	0.000000
2.764800E-6	0.118400	0.000000	0.000625	-0.004000
2.777600E-6	0.110400	0.000000	0.000375	0.000000
2.790400E-6	0.105600	-0.004000	-0.000375	0.004000
2.803200E-6	0.092800	-0.008000	0.000125	0.000000
2.816000E-6	0.089600	-0.004000	0.000375	0.000000
2.828800E-6	0.078400	-0.008000	0.000875	0.000000
2.841600E-6	0.062400	0.000000	-0.000375	0.000000
2.854400E-6	0.052800	0.000000	-0.001125	0.000000
2.867200E-6	0.040000	0.004000	-0.001375	-0.008000
2.880000E-6	0.025600	-0.008000	-0.000125	0.004000
2.892800E-6	0.016000	-0.008000	-0.000375	0.000000
2.905600E-6	0.006400	-0.008000	0.000875	0.000000
2.918400E-6	-0.008000	-0.016000	-0.000375	0.004000
2.931200E-6	-0.017600	-0.016000	-0.001625	0.000000
2.944000E-6	-0.025600	-0.004000	-0.000875	0.000000
2.956800E-6	-0.040000	0.000000	-0.000125	-0.004000
2.969600E-6	-0.056000	-0.008000	0.000125	0.000000
2.982400E-6	-0.067200	-0.008000	-0.001375	-0.004000
2.995200E-6	-0.076800	-0.004000	-0.001125	-0.008000
3.008000E-6	-0.086400	0.000000	-0.000625	0.004000
3.020800E-6	-0.097600	0.012000	0.001125	-0.004000
3.033600E-6	-0.107200	-0.004000	-0.000875	-0.004000
3.046400E-6	-0.116800	-0.012000	0.001125	0.000000
3.059200E-6	-0.120000	0.000000	-0.000875	0.000000
3.072000E-6	-0.132800	-0.004000	-0.003125	0.000000
3.084800E-6	-0.137600	-0.016000	-0.000875	0.000000
3.097600E-6	-0.142400	-0.008000	-0.000125	-0.004000
3.110400E-6	-0.144000	0.004000	0.000625	0.004000
3.123200E-6	-0.152000	-0.008000	-0.000375	0.000000
3.136000E-6	-0.153600	-0.008000	-0.000375	0.000000
3.148800E-6	-0.156800	0.000000	0.000375	0.004000
3.161600E-6	-0.156800	-0.012000	-0.000625	-0.008000
3.174400E-6	-0.153600	-0.004000	0.000125	-0.004000
3.187200E-6	-0.156800	-0.012000	-0.000375	0.008000
3.200000E-6	-0.152000	-0.008000	-0.000875	-0.004000
3.212800E-6	-0.148800	-0.008000	-0.000125	0.000000
3.225600E-6	-0.140800	0.000000	0.000625	-0.004000
3.238400E-6	-0.142400	-0.004000	0.000375	0.008000
3.251200E-6	-0.129600	-0.004000	-0.000125	0.000000
3.264000E-6	-0.128000	-0.008000	0.000625	-0.004000
3.276800E-6	-0.118400	-0.016000	-0.000625	0.004000
3.289600E-6	-0.113600	0.008000	0.000625	0.000000
3.302400E-6	-0.105600	-0.008000	-0.000625	-0.004000
3.315200E-6	-0.089600	-0.008000	0.000125	-0.004000
3.328000E-6	-0.084800	-0.012000	-0.000125	0.004000
3.340800E-6	-0.073600	-0.004000	0.000875	0.000000
3.353600E-6	-0.062400	-0.008000	-0.002125	0.000000
3.366400E-6	-0.051200	0.004000	0.000125	0.004000
3.379200E-6	-0.040000	-0.016000	-0.000625	0.000000
3.392000E-6	-0.027200	-0.004000	-0.001375	0.008000
3.404800E-6	-0.006400	-0.012000	-0.001375	0.000000
3.417600E-6	-0.001600	-0.016000	-0.000125	0.000000
3.430400E-6	0.011200	-0.008000	-0.000625	0.000000
3.443200E-6	0.028800	-0.008000	0.001375	0.000000
3.456000E-6	0.036800	-0.004000	-0.001125	0.004000
3.468800E-6	0.048000	0.000000	-0.000125	0.000000
3.481600E-6	0.060800	-0.004000	-0.001625	0.004000
3.494400E-6	0.068800	-0.004000	0.000625	0.004000
3.507200E-6	0.073600	-0.012000	-0.000375	0.004000
3.520000E-6	0.092800	0.000000	0.000625	0.008000
3.532800E-6	0.099200	-0.008000	0.000375	-0.008000
3.545600E-6	0.108800	0.000000	0.000875	0.000000
3.558400E-6	0.115200	-0.008000	0.000125	0.000000
3.571200E-6	0.123200	-0.008000	-0.000625	0.004000
3.584000E-6	0.134400	0.000000	-0.000875	0.004000
3.596800E-6	0.140800	0.000000	0.000875	0.000000
3.609600E-6	0.139200	-0.008000	-0.000375	0.000000
3.622400E-6	0.144000	0.000000	-0.000625	0.000000
3.635200E-6	0.150400	0.008000	0.000375	0.008000
3.648000E-6	0.150400	-0.008000	-0.000625	0.000000
3.660800E-6	0.148800	0.000000	-0.001125	-0.004000
3.673600E-6	0.152000	-0.004000	-0.001375	-0.016000
3.686400E-6	0.153600	0.000000	-0.000125	0.000000
3.699200E-6	0.147200	-0.004000	-0.000125	0.000000
3.712000E-6	0.140800	-0.004000	0.000125	0.004000
3.724800E-6	0.140800	-0.008000	-0.001375	-0.004000
3.737600E-6	0.137600	-0.004000	0.000625	-0.004000
3.750400E-6	0.131200	-0.004000	0.000125	-0.008000
3.763200E-6	0.121600	-0.004000	-0.000875	0.008000
3.776000E-6	0.116800	-0.004000	-0.000375	0.000000
3.788800E-6	0.105600	0.004000	-0.001625	0.008000
3.801600E-6	0.094400	-0.016000	0.000125	-0.004000
3.814400E-6	0.086400	0.000000	-0.000625	-0.004000
3.827200E-6	0.078400	-0.004000	-0.000375	0.000000
3.840000E-6	0.068800	-0.008000	-0.000125	-0.004000
3.852800E-6	0.051200	-0.008000	-0.000125	-0.004000
3.865600E-6	0.044800	-0.004000	0.000375	-0.004000
3.878400E-6	0.027200	0.008000	0.000875	-0.004000
3.891200E-6	0.017600	-0.004000	-0.000875	0.004000
3.904000E-6	0.011200	-0.008000	-0.000375	-0.008000
3.916800E-6	-0.004800	-0.016000	0.000375	0.004000
3.929600E-6	-0.016000	-0.008000	0.000125	-0.004000
3.942400E-6	-0.032000	0.000000	-0.000375	0.004000
3.955200E-6	-0.041600	-0.012000	-0.000375	0.000000
3.968000E-6	-0.056000	0.000000	-0.000375	-0.004000
3.980800E-6	-0.064000	-0.008000	0.000125	-0.004000
3.993600E-6	-0.076800	-0.012000	-0.000375	0.000000
4.006400E-6	-0.083200	-0.008000	-0.000375	0.012000
4.019200E-6	0.000000	0.000000	0.000000	0.000000
 
END
